Week 1

Q1:
    3
    5
    12 23 36 39 41
    41
    Present
    58
    21 39 40 45 51 54 68 72
    69
    Not Present
    810
    101 246 438 561 796 876 899 4644 7999 8545
    7999
    Present 
    9
Q2: 
    2
    8
    34 35 65 31 25 89 64 30
    89
    Present 6
    5
    977 354 244 546 355
    244
    Present 3

Q3:
    2
    8
    34 35 65 31 25 89 64 30
    89
    Present 6
    5
    977 354 244 546 355
    244
    Present 2


Week 2
Q1:
    2
    10
    235 235 278 278 763 764 790 853 981 981
    981
    ELEMENT FOUND AND ITS OCCURANCE IS 2
    15
    1 2 2 3 3 5 5 5 25 75 75 75 97 97 97
    75
    ELEMENT FOUND AND ITS OCCURANCE IS 3

Q2:
    3
    5
    1 5 84 209 341
    NO SEQUENCE FOUND
    10
    24 28 48 71 86 89 92 120 194 201
    1, 6, , 7
    15
    64 69 82 95 99 107 113 141 171 350 369 400 511 590 666
    0, 5, , 8

Q3:
    2
    5
    1 51 84 21 31
    20
    1
    10
    24 71 16 92 12 28 48 14 20 22
    4
    1

Week 3:
Q1:
    3
    8
    -23 65 -31 76 46 89 45 32
    -31 -23 32 45 46 65 76 89 
    comparisions : 13
    shifts : 20
    10
    54 65 34 76 78 97 46 32 51 21
    21 32 34 46 51 54 65 76 78 97
    comparisions : 28
    shifts : 37
    15
    63 42 223 645 652 31 324 22 553 -12 54 65 86 46 325
    -12 22 31 42 46 54 63 65 86 223 324 325 553 645 652 
    comparisions : 54
    shifts : 68

Q2:
    3
    8
    -13 65-21 76 46 89 45 12
    -21 -13 12 45 46 65 76 89
    Comparision : 28
    shifts : 7
    10
    54 65 34 76 78 97 46 32 51 21
    21 32 34 46 51 54 65 76 78 97
    Comparision : 45
    shifts : 9
    15
    63 42 223 645 652 31 324 22 553 12 54 65 86 46 325
    12 22 31 42 46 54 63 65 86 223 324 325 553 645 652 
    Comparision : 105
    shifts : 14

Q3:
    3
    5
    28 52 83 14 75
    NO
    10
    75 65 1 65 2 6 86 2 75 8
    YES
    15
    75 35 86 57 98 23 73 1 64 8 11 90 61 19 20
    NO

Week 4:
Q2:
    3
    8
    23 65 21 76 46 89 45 32
    21 23 32 45 46 65 76 89
    COMPARISIONS : 14
    INVERSIONS: 13
    10
    54 65 34 76 78 97 46 32 51 21
    21 32 34 46 51 54 65 76 78 97
    COMPARISIONS : 43
    INVERSIONS: 36
    15
    63 42 223 645 652 31 324 22 553 12 54 65 86 46 325
    12 22 31 42 46 54 63 65 86 223 324 325 553 645 652 
    COMPARISIONS : 88
    INVERSIONS: 79

Q3:
    2
    10
    123 656 54 765 344 514 765 34 765 234
    3
    234
    COMPARISIONS: 11
    15
    43 64 13 78 864 346 786 456 21 19 8 434 76 270 601
    8
    270
    COMPARISIONS: 40

Week 5:
Q1:
    3
    10
    a e d w a d q a f p
    a with occurance: 3
        15
        r k p g v y u m q a d j c z e
    DUPLICATES NOT FOUND
        20
        g t l l t c w a w g l c w d s a a v c l
    l with occurance: 4

Q2:
    2
    10
    64 28 97 40 12 72 84 24 38 10
    50
    10 40, 12 38
    15
    56 10 72 91 29 3 41 45 61 20 11 39 9 12 94
    302
    No such pair exist

Q3:
    7
    10 10 34 39 55 76 85
    12
    10 10 11 30 30 34 34 51 55 69 72 89
    10 10 34 55


Week 6:

Q1:
    5
    0 1 1 0 0
    1 0 1 1 1
    1 1 0 1 0
    0 1 1 0 1
    0 1 0 1 0
    1 5
    Yes there is a path

Q2:
    5
    0 1 1 0 0
    1 0 1 1 1
    1 1 0 1 0
    0 1 1 0 1
    0 1 0 1 0
    No . the graph is not bipartite

Q3:
    5
    0 1 1 0 0
    0 0 0 1 1
    0 1 0 1 0
    0 0 0 0 1
    0 0 0 0 0
    Cycle doesn't exist

Week 7:
Q1:
    5
    0 4 1 0 0
    0 0 0 0 4
    0 2 0 4 0
    0 0 0 0 4
    0 0 0 0 0
    1
    1 : 0
    2 3 1 : 3
    3 1 : 1
    4 3 1 : 5
    5 2 3 1 : 7

Q2:
    5
    0 4 1 0 0
    0 0 0 0 4
    0 2 0 4 0
    0 0 0 0 4
    0 0 0 0 0
    1
    1 : 0
    2 3 1 : 3
    3 1 : 1
    4 3 1 : 5
    5 2 3 1 : 7


Week 8:
Q1:
    7
    0 0 7 5 0 0 0
    0 0 8 5 0 0 0
    7 8 0 9 7 0 0
    5 0 9 0 15 6 0
    0 5 7 15 0 8 9
    0 0 0 6 8 0 11
    0 0 0 0 9 11 0
    Minimum spanning weight : 39

Q2:
    7
    0 0 7 5 0 0 0
    0 0 8 5 0 0 0
    7 8 0 9 7 0 0
    5 0 9 0 15 6 0
    0 5 7 15 0 8 9
    0 0 0 6 8 0 11
    0 0 0 0 9 11 0
    Minimum spanning weight : 39

Q3:
    7
    0 0 7 5 0 0 0
    0 0 8 5 0 0 0
    7 8 0 9 7 0 0
    5 0 9 0 15 6 0
    0 5 7 15 0 8 9
    0 0 0 6 8 0 11
    0 0 0 0 9 11 0
    Minimum spanning weight : 59

Week 9:
Q1:
    5
    0 10 5 5 -1
    -1 0 5 5 5
    -1 -1 0 -1 10
    -1 -1 -1 0 20
    -1 -1 -1 5 0
    Shortest distance matrix: 
    0 10 5 5 15
    INF 0 5 5 5
    INF INF 0 15 10
    INF INF INF 0 20
    INF INF INF 5 0

Q2:
    6
    6 10 3 5 1 3
    6 2 1 8 3 5
    16
    Maximum value : 22.3333
    Item- weight :
    1-1
    3-3
    5-5
    6-6
    3-1

Q3:
    10
    10 5 100 50 20 15 5 20 100 10
    895

Week 10:
Q1:
    10
    1 3 0 5 3 5 8 8 2 12
    4 5 6 7 9 9 11 12 14 16
    max number of tasks : 4
    Selected task numbers : 1 4 7 10

Q2:
    7
    2 1 3 2 2 2 1
    2 3 8 6 2 5 3
    Max number of tasks : 4
    Selected task numbers: 1, 2, 6, 3,

Q3:
    9
    4 4 2 3 2 2 3 2 2
    YES
    2

Week 11:
Q1:
    3
    10 30
    30 5
    5 60
    4500

Q2:
    4
    2 5 6 3
    10
    5

Q3:
    7
    1 5 4 11 5 14 10
    yes 